usercentroids:
[[4638472273, array([[ 32.89725753, -96.90470092],
         [ 32.73670309, -96.71403501]])],
 [1559410755, array([[ 32.73670309, -96.71403501],
         [ 32.89725753, -96.90470092]])],
 [4931532174, array([[ 32.89725753, -96.90470092],
         [ 32.73670309, -96.71403501]])],
 [2419930464, array([[ 32.89725753, -96.90470092],
         [ 32.73670309, -96.71403501]])],
 [1884182865, array([[ 32.89725753, -96.90470092],
         [ 32.73670309, -96.71403501]])],
 [3688089071, array([[ 32.89725753, -96.90470092],
         [ 32.73670309, -96.71403501]])],
 [4555003213, array([[ 32.89725753, -96.90470092],
         [ 32.73670309, -96.71403501]])],
 [2068627935, array([[ 32.89725753, -96.90470092],
         [ 32.73670309, -96.71403501]])],
 [2894365987, array([[ 32.89725753, -96.90470092],
         [ 32.73670309, -96.71403501]])],
 [8549533077, array([[ 32.73670309, -96.71403501],
         [ 32.89725753, -96.90470092]])]]

usercentroids[0]:
[4638472273, array([[ 32.89725753, -96.90470092], [ 32.73670309, -96.71403501]])]

usercentroids[0][0]:
4638472273

usercentroids[0][1]:
array([[ 32.89725753, -96.90470092], [ 32.73670309, -96.71403501]])

usercentroids[0][1].tolist():
[[32.897257533894106, -96.90470092281048],
 [32.736703092194226, -96.71403501475108]]

usercentroids[0][1].tolist()[0]:
[32.897257533894106, -96.90470092281048]



[[4638472273, 0, array([ 32.90004365, -96.90932118])],
 [1559410755, 1, array([ 32.69633766, -96.93522186])],
 [4931532174, 0, array([ 32.780278, -96.893333])],
 [2419930464, 0, array([ 32.85371225, -96.8472893 ])],
 [1884182865, 0, array([ 32.92276766, -96.75715454])],
 [3688089071, 0, array([ 32.81172513, -96.87011278])],
 [4555003213, 0, array([ 32.7535  , -96.742528])],
 [2068627935, 2, array([ 32.72089181, -96.83278954])],
 [2894365987, 0, array([ 32.72172802, -96.89192295])],
 [8549533077, 0, array([ 32.98580109, -96.802574  ])]]
